%YAML:1.0
---
project_matrix: !!opencv-matrix
   rows: 3
   cols: 3
   dt: d
   data: [ -8.4210397199929221e-01, -1.9711069665228798e+00,
       9.1869668686669706e+02, -3.1862289505668090e-03,
       -2.1121170212946332e+00, 7.2003438061166867e+02,
       -7.0805087790381841e-05, -5.1510758299662196e-03, 1. ]
Alhpa : -1.6100000000000001e+01
Beta : -1
Zoom : 3
