%YAML:1.0
---
project_matrix: !!opencv-matrix
   rows: 3
   cols: 3
   dt: d
   data: [ -8.6989161067720122e-01, -1.9446446454015514e+00,
       9.1724944673954587e+02, -2.6257159254272005e-02,
       -2.1370310974893978e+00, 7.4771309034856824e+02,
       -7.2017322170613170e-05, -5.2076378728363694e-03, 1. ]
Alhpa : -2.4300000000000001e+01
Beta : -1.0000000000000001e-01
Zoom : 3
