%YAML:1.0
---
project_matrix: !!opencv-matrix
   rows: 3
   cols: 3
   dt: d
   data: [ -7.3024577933665524e-01, -2.0578359284546925e+00,
       9.1511469763465004e+02, -2.0019763896575334e-02,
       -1.4560972364636551e+00, 5.9307312072360310e+02,
       -7.0912376622808923e-05, -4.4033642679916808e-03, 1. ]
Alhpa : -1.4500000000000000e+01
Beta : 1.0000000000000001e-01
Zoom : 3
