%YAML:1.0
---
project_matrix: !!opencv-matrix
   rows: 3
   cols: 3
   dt: d
   data: [ 3.2836904347412852e+00, 4.6247374386494231e+00,
       -1.0550753294246313e+03, 4.5234976849019559e-02,
       6.3395375069155140e+00, -9.9533422549454212e+02,
       -2.7721787422234546e-04, 1.3275872857946482e-02, 1. ]
