%YAML:1.0
---
project_matrix: !!opencv-matrix
   rows: 3
   cols: 3
   dt: d
   data: [ 2.0997691929888784e+00, 3.5463773625384936e+00,
       -4.0251025601928052e+02, 6.0936383553254189e-02,
       3.7657967124510563e+00, -5.2616707132286081e+02,
       7.2323661089183267e-06, 7.9207125398598251e-03, 1. ]
