%YAML:1.0
---
project_matrix: !!opencv-matrix
   rows: 3
   cols: 3
   dt: d
   data: [ 2.2260392509344937e+00, 2.9739766632834304e+00,
       -6.6665180498843461e+02, -1.0911326313124756e-01,
       4.0753449523909318e+00, -4.9272392645164183e+02,
       -7.3879336544423611e-05, 8.2831266189942188e-03, 1. ]
