%YAML:1.0
---
project_matrix: !!opencv-matrix
   rows: 3
   cols: 3
   dt: d
   data: [ -8.3893689328589218e+00, -1.8125011951325369e+01,
       6.2474935423789948e+03, 6.3432427794909552e-01,
       -2.0936272214090522e+01, 5.6252016209699550e+03,
       2.1409112002301082e-03, -4.8147412123578412e-02, 1. ]
Alhpa : -4.6799999999999997e+01
Beta : -1
Zoom : 3.5000000000000000e+00
