%YAML:1.0
---
project_matrix: !!opencv-matrix
   rows: 3
   cols: 3
   dt: d
   data: [ -1.0835607962794376e+00, -2.8918528642258350e+00,
       1.1583178378173941e+03, -2.1725104852800207e-02,
       -2.1354471505721149e+00, 8.4504924781836041e+02,
       1.7546959481661190e-05, -6.1773980697882617e-03, 1. ]
Alhpa : -4.6799999999999997e+01
Beta : -1
Zoom : 3.5000000000000000e+00
