%YAML:1.0
---
project_matrix: !!opencv-matrix
   rows: 3
   cols: 3
   dt: d
   data: [ -7.2515425312081812e+00, -1.5648590128449049e+01,
       5.4423330180566063e+03, 4.8919126335835927e-01,
       -1.7958325024381118e+01, 4.8692149111208473e+03,
       1.7299913323215990e-03, -4.1435174110085495e-02, 1. ]
Alhpa : -4.6799999999999997e+01
Beta : -1
Zoom : 3.5000000000000000e+00
