%YAML:1.0
---
project_matrix: !!opencv-matrix
   rows: 3
   cols: 3
   dt: d
   data: [ -1.4119940326038671e+00, -3.1699900850251024e+00,
       1.2711757124065607e+03, -8.8937675377192382e-02,
       -2.4634300557018562e+00, 9.5856043968543690e+02,
       -2.6147470926499741e-04, -6.8680938133937105e-03, 1. ]
Alhpa : -4.6799999999999997e+01
Beta : -1
Zoom : 3.5000000000000000e+00
