%YAML:1.0
---
project_matrix: !!opencv-matrix
   rows: 3
   cols: 3
   dt: d
   data: [ -8.0741272727079427e-01, -2.3927745641334734e+00,
       1.0030994470650865e+03, 1.1179634126207580e-02,
       -1.7141004536932143e+00, 6.5808793599207900e+02,
       2.9077181497241071e-05, -5.0775717642009156e-03, 1. ]
Alhpa : -1.6100000000000001e+01
Beta : -1
Zoom : 3
