%YAML:1.0
---
project_matrix: !!opencv-matrix
   rows: 3
   cols: 3
   dt: d
   data: [ 1.2602061254800938e+02, 2.4844122147447777e+02,
       -8.2800799090699205e+04, -3.7309154552147734e+00,
       2.9731439986070677e+02, -7.5699929678430432e+04,
       -9.7360650891012979e-03, 6.6166682458959758e-01, 1. ]
