%YAML:1.0
---
project_matrix: !!opencv-matrix
   rows: 3
   cols: 3
   dt: d
   data: [ 1.6301290730152480e+00, 3.6281650163977139e+00,
       -7.3301945741643408e+02, -7.6143334130155435e-02,
       3.2483043542125190e+00, -8.5441370765455622e+02,
       -6.1328143876471989e-04, 7.6367807992348590e-03, 1. ]
