%YAML:1.0
---
project_matrix: !!opencv-matrix
   rows: 3
   cols: 3
   dt: d
   data: [ -2.6168962862130547e+00, -7.5384637244679453e+00,
       2.7079357789939381e+03, 7.9001719482451493e-01,
       -8.0596143444799395e+00, 2.1537033420303069e+03,
       2.1326922450747771e-03, -1.9551726322661230e-02, 1. ]
