%YAML:1.0
---
project_matrix: !!opencv-matrix
   rows: 3
   cols: 3
   dt: d
   data: [ 3.9121794352612209e+00, 7.2561855845765217e+00,
       -1.9592629639039806e+03, 4.5600175968060312e-02,
       6.6099983735827657e+00, -1.8561919146127418e+03,
       2.9343216822978735e-04, 1.5506176466645118e-02, 1. ]
