%YAML:1.0
---
camera_matrix: ""
dist_coeffs: ""
resolution: ""
project_matrix: !!opencv-matrix
   rows: 3
   cols: 3
   dt: d
   data: [ -4.6410549266216333e-01, -1.3330955763922685e+00,
       6.8002367766052907e+02, 5.8400954381068078e-03,
       -1.3095166674244085e+00, 5.2433147182702021e+02,
       1.6661325003351219e-05, -3.5355727488068527e-03, 1. ]
Alhpa : 0
Beta : 0
Zoom : 3
