%YAML:1.0
---
camera_matrix: ""
dist_coeffs: ""
resolution: ""
project_matrix: !!opencv-matrix
   rows: 3
   cols: 3
   dt: d
   data: [ -1.8714912757121189e+00, -3.9730315696990717e+00,
       1.5430525954914644e+03, -9.0635300840854457e-02,
       -3.2370949240127014e+00, 1.1243848691083922e+03,
       -4.3922987915073753e-04, -8.5462040840020102e-03, 1. ]
Alhpa : -2.3500000000000000e+01
Beta : -1.8000000000000000e+00
Zoom : 3
