%YAML:1.0
---
camera_matrix: ""
dist_coeffs: ""
resolution: ""
project_matrix: !!opencv-matrix
   rows: 3
   cols: 3
   dt: d
   data: [ -2.7396430457201224e+00, -5.1847655449811434e+00,
       2.1560360069402886e+03, 2.1390946648862503e-02,
       -6.3516444835318477e+00, 1.7923334124141186e+03,
       4.2064621701362705e-07, -1.3865417222538290e-02, 1. ]
Alhpa : -2.7300000000000001e+01
Beta : -1.8000000000000000e+00
Zoom : 3
