%YAML:1.0
---
camera_matrix: ""
dist_coeffs: ""
resolution: ""
project_matrix: !!opencv-matrix
   rows: 3
   cols: 3
   dt: d
   data: [ -1.6118156344457020e+00, -3.6285722942253105e+00,
       1.3951744680442257e+03, -1.0923004669259032e-01,
       -2.9178915075615910e+00, 1.0612622541769124e+03,
       -2.8315154176288275e-04, -7.8425066255724332e-03, 1. ]
Alhpa : -1.9399999999999999e+01
Beta : 1.0000000000000001e-01
Zoom : 3
