%YAML:1.0
---
project_matrix: !!opencv-matrix
   rows: 3
   cols: 3
   dt: d
   data: [ -1.6628552764185393e+01, -3.3960825176359975e+01,
       1.1292127430325227e+04, 2.2302647626476327e-01,
       -4.0367212155034579e+01, 1.0864012408359184e+04,
       2.4473786903658340e-03, -9.1735521252857999e-02, 1. ]
Alhpa : -5.0100000000000001e+01
Beta : 1.8000000000000000e+00
Zoom : 4
