%YAML:1.0
---
project_matrix: !!opencv-matrix
   rows: 3
   cols: 3
   dt: d
   data: [ -1.3327523008827922e+00, -3.7890155197703379e+00,
       1.4096192897190722e+03, 6.9778483243460726e-02,
       -2.8114890299970714e+00, 1.0098141201863497e+03,
       2.2937928077234639e-04, -7.9758196919558003e-03, 1. ]
Alhpa : -4.6799999999999997e+01
Beta : -1
Zoom : 3.5000000000000000e+00
