%YAML:1.0
---
project_matrix: !!opencv-matrix
   rows: 3
   cols: 3
   dt: d
   data: [ 6.1209530486705766e+01, 1.2908879904769992e+02,
       -4.3107791413264131e+04, -5.6482841270971260e+00,
       1.4828220939103005e+02, -3.6918694886157777e+04,
       -1.3912066090812501e-02, 3.3761819636111146e-01, 1. ]
Alhpa : -4.6799999999999997e+01
Beta : -1
Zoom : 3.5000000000000000e+00
