%YAML:1.0
---
project_matrix: !!opencv-matrix
   rows: 3
   cols: 3
   dt: d
   data: [ -1.6772230080309714e+00, -4.0175508775106517e+00,
       1.5200861615869715e+03, -2.0070763137961231e-02,
       -3.1165561973763611e+00, 1.1342988417469962e+03,
       -8.3696334048517654e-05, -8.5680997701917012e-03, 1. ]
Alhpa : -4.6799999999999997e+01
Beta : -1
Zoom : 3.5000000000000000e+00
