%YAML:1.0
---
camera_matrix: !!opencv-matrix
   rows: 3
   cols: 3
   dt: d
   data: [ 5.3308501251053428e+02, 0., 1.2801691988617492e+03, 0.,
       5.3220789221433824e+02, 9.6469760418368264e+02, 0., 0., 1. ]
dist_coeffs: !!opencv-matrix
   rows: 4
   cols: 1
   dt: d
   data: [ 1.0381406732100730e-01, -6.1542900195864281e-02,
       2.9803025987883050e-02, -9.2246714284879155e-03 ]
new_camera_matrix: !!opencv-matrix
   rows: 3
   cols: 3
   dt: d
   data: [ 5.3308500000000004e+02, 0., 1.2801692000000000e+03, 0.,
       5.3220788748946575e+02, 9.6469759999999997e+02, 0., 0., 1. ]
resolution: !!opencv-matrix
   rows: 2
   cols: 1
   dt: i
   data: [ 2592, 1944 ]
project_matrix: !!opencv-matrix
   rows: 3
   cols: 3
   dt: d
   data: [ -3.8894136689260500e-01, -1.1849891019359071e+00,
       1.2397485610344877e+03, -2.6210352266574997e-02,
       -7.5002532028431157e-01, 3.9804912346428176e+02,
       -9.7600247290734331e-05, -2.5580354034264847e-03, 1. ]
