%YAML:1.0
---
project_matrix: !!opencv-matrix
   rows: 3
   cols: 3
   dt: d
   data: [ 4.3589608578801853e+00, 6.8198126368930154e+00,
       -1.4269375776206084e+03, 1.4048659659690627e-01,
       8.5572731055051854e+00, -1.3934072723203396e+03,
       -1.0812878917933181e-04, 1.8161293903308194e-02, 1. ]
