%YAML:1.0
---
project_matrix: !!opencv-matrix
   rows: 3
   cols: 3
   dt: d
   data: [ 5.5147604642460015e+00, 1.0597361884891640e+01,
       -1.7494735013748323e+03, 2.3966636569772587e-01,
       1.0432580709174733e+01, -1.7245861825108027e+03,
       3.7512767419598268e-04, 2.1921564576823382e-02, 1. ]
