%YAML:1.0
---
project_matrix: !!opencv-matrix
   rows: 3
   cols: 3
   dt: d
   data: [ 2.5332385724504674e+00, 3.7471540270399410e+00,
       -7.3829257037873140e+02, -1.0911306267283033e-01,
       4.7428506927665586e+00, -5.5578663960096128e+02,
       1.4751128511585258e-04, 9.3661643108062555e-03, 1. ]
