%YAML:1.0
---
project_matrix: !!opencv-matrix
   rows: 3
   cols: 3
   dt: d
   data: [ 2.0682770485087731e+00, 3.8776076018183523e+00,
       -4.1221703796822675e+02, -3.1472155012460803e-03,
       4.0917598502419112e+00, -4.9482880525108629e+02,
       -6.9938122249912457e-05, 8.1956127255158467e-03, 1. ]
