%YAML:1.0
---
camera_matrix: !!opencv-matrix
   rows: 3
   cols: 3
   dt: d
   data: [ 5.3308501251053428e+02, 0., 1.2801691988617492e+03, 0.,
       5.3220789221433824e+02, 9.6469760418368264e+02, 0., 0., 1. ]
dist_coeffs: !!opencv-matrix
   rows: 4
   cols: 1
   dt: d
   data: [ 1.0381406732100730e-01, -6.1542900195864281e-02,
       2.9803025987883050e-02, -9.2246714284879155e-03 ]
resolution: !!opencv-matrix
   rows: 2
   cols: 1
   dt: i
   data: [ 2592, 1944 ]
project_matrix: !!opencv-matrix
   rows: 3
   cols: 3
   dt: d
   data: [ -4.6455271084124539e-01, -1.3108417470132558e+00,
       6.7401609796016476e+02, 5.1997151447905369e-03,
       -1.3045071320510986e+00, 5.2525885415607240e+02,
       3.7481487341261297e-06, -3.4984018900217381e-03, 1. ]
scale_xy: !!opencv-matrix
   rows: 2
   cols: 1
   dt: d
   data: [ 5.3308500000000004e+02, 5.3220790000000000e+02 ]
shift_xy: !!opencv-matrix
   rows: 2
   cols: 1
   dt: d
   data: [ 1.2801692000000000e+03, 4.6469760000000002e+02 ]
new_camera_matrix: !!opencv-matrix
   rows: 3
   cols: 3
   dt: d
   data: [ 5.3308500000000004e+02, 0., 1.2801692000000000e+03, 0.,
       5.3220790000000000e+02, 4.6469760000000002e+02, 0., 0., 1. ]
