%YAML:1.0
---
camera_matrix: !!opencv-matrix
   rows: 3
   cols: 3
   dt: d
   data: [ 5.3308501251053428e+02, 0., 1.2801691988617492e+03, 0.,
       5.3220789221433824e+02, 9.6469760418368264e+02, 0., 0., 1. ]
dist_coeffs: !!opencv-matrix
   rows: 4
   cols: 1
   dt: d
   data: [ 1.0381406732100730e-01, -6.1542900195864281e-02,
       2.9803025987883050e-02, -9.2246714284879155e-03 ]
resolution: !!opencv-matrix
   rows: 2
   cols: 1
   dt: i
   data: [ 2592, 1944 ]
project_matrix: !!opencv-matrix
   rows: 3
   cols: 3
   dt: d
   data: [ -4.2661313769702369e-01, -1.3559936021201759e+00,
       7.0667644327225969e+02, -2.1223261692321443e-02,
       -8.3566042455357104e-01, 4.0060403858182445e+02,
       -9.4019967627451861e-05, -2.9264687575873954e-03, 1. ]
scale_xy: !!opencv-matrix
   rows: 2
   cols: 1
   dt: d
   data: [ 5.3308500000000004e+02, 5.3220790000000000e+02 ]
shift_xy: !!opencv-matrix
   rows: 2
   cols: 1
   dt: d
   data: [ 1.2801692000000000e+03, 4.6469760000000002e+02 ]
new_camera_matrix: !!opencv-matrix
   rows: 3
   cols: 3
   dt: d
   data: [ 5.3308500000000004e+02, 0., 1.2801692000000000e+03, 0.,
       5.3220790000000000e+02, 4.6469760000000002e+02, 0., 0., 1. ]
