%YAML:1.0
---
camera_matrix: !!opencv-matrix
   rows: 3
   cols: 3
   dt: d
   data: [ 5.3308501251053428e+02, 0., 1.2801691988617492e+03, 0.,
       5.3220789221433824e+02, 9.6469760418368264e+02, 0., 0., 1. ]
dist_coeffs: !!opencv-matrix
   rows: 4
   cols: 1
   dt: d
   data: [ 1.0381406732100730e-01, -6.1542900195864281e-02,
       2.9803025987883050e-02, -9.2246714284879155e-03 ]
new_camera_matrix: !!opencv-matrix
   rows: 3
   cols: 3
   dt: d
   data: [ 180., 0., 1.2641692000000000e+03, 0., 1.7912288748946571e+02,
       9.6469759999999997e+02, 0., 0., 1. ]
resolution: !!opencv-matrix
   rows: 2
   cols: 1
   dt: i
   data: [ 2592, 1944 ]
project_matrix: !!opencv-matrix
   rows: 3
   cols: 3
   dt: d
   data: [ -3.2053723483972757e-01, -1.0377197155161004e+00,
       6.4626601177314535e+02, -1.3748122005287416e-02,
       -6.4097809882885970e-01, 3.1386050086030394e+02,
       -6.0639942389906643e-05, -2.2451376342112811e-03, 1. ]
