%YAML:1.0
---
camera_matrix: !!opencv-matrix
   rows: 3
   cols: 3
   dt: d
   data: [ 5.3308501251053428e+02, 0., 1.2801691988617492e+03, 0.,
       5.3220789221433824e+02, 9.6469760418368264e+02, 0., 0., 1. ]
dist_coeffs: !!opencv-matrix
   rows: 4
   cols: 1
   dt: d
   data: [ 1.0381406732100730e-01, -6.1542900195864281e-02,
       2.9803025987883050e-02, -9.2246714284879155e-03 ]
new_camera_matrix: !!opencv-matrix
   rows: 3
   cols: 3
   dt: d
   data: [ 180., 0., 1.2801692000000000e+03, 0., 1.7912288748946571e+02,
       9.6469759999999997e+02, 0., 0., 1. ]
resolution: !!opencv-matrix
   rows: 2
   cols: 1
   dt: i
   data: [ 2592, 1944 ]
project_matrix: !!opencv-matrix
   rows: 3
   cols: 3
   dt: d
   data: [ -2.8651340473429249e-01, -8.5868749573640779e-01,
       5.5729159560679420e+02, 4.6784706881323473e-16,
       -8.0371557859790266e-01, 3.7907462992018492e+02,
       2.0632075272613744e-18, -2.2966550696955253e-03, 1. ]
