%YAML:1.0
---
camera_matrix: !!opencv-matrix
   rows: 3
   cols: 3
   dt: d
   data: [ 5.3308501251053428e+02, 0., 1.2801691988617492e+03, 0.,
       5.3220789221433824e+02, 9.6469760418368264e+02, 0., 0., 1. ]
dist_coeffs: !!opencv-matrix
   rows: 4
   cols: 1
   dt: d
   data: [ 1.0381406732100730e-01, -6.1542900195864281e-02,
       2.9803025987883050e-02, -9.2246714284879155e-03 ]
resolution: !!opencv-matrix
   rows: 2
   cols: 1
   dt: i
   data: [ 2592, 1944 ]
project_matrix: !!opencv-matrix
   rows: 3
   cols: 3
   dt: d
   data: [ -1.3688273117912761e+00, -4.2825233154581213e+00,
       1.2282660986900457e+03, -7.8068875079350467e-02,
       -2.6359269953206095e+00, 5.4689579305621282e+02,
       -3.5137331645000675e-04, -9.2316583050230192e-03, 1. ]
scale_xy: !!opencv-matrix
   rows: 2
   cols: 1
   dt: d
   data: [ 3.9208499999999998e+02, 3.9120790000000000e+02 ]
shift_xy: !!opencv-matrix
   rows: 2
   cols: 1
   dt: d
   data: [ 1.2751700000000001e+03, 405. ]
new_camera_matrix: !!opencv-matrix
   rows: 3
   cols: 3
   dt: d
   data: [ 3.9208499999999998e+02, 0., 1.2751700000000001e+03, 0.,
       3.9120790000000000e+02, 405., 0., 0., 1. ]
