%YAML:1.0
---
camera_matrix: !!opencv-matrix
   rows: 3
   cols: 3
   dt: d
   data: [ 5.3308501251053428e+02, 0., 1.2801691988617492e+03, 0.,
       5.3220789221433824e+02, 9.6469760418368264e+02, 0., 0., 1. ]
dist_coeffs: !!opencv-matrix
   rows: 4
   cols: 1
   dt: d
   data: [ 1.0381406732100730e-01, -6.1542900195864281e-02,
       2.9803025987883050e-02, -9.2246714284879155e-03 ]
resolution: !!opencv-matrix
   rows: 2
   cols: 1
   dt: i
   data: [ 2592, 1944 ]
project_matrix: !!opencv-matrix
   rows: 3
   cols: 3
   dt: d
   data: [ 8.6498618784531356e+00, 1.9751381215469834e+01,
       -5.1326312154696716e+03, 1.6221665311051039e-15,
       1.8577348066298548e+01, -1.6716436464088590e+03,
       6.2436280723639510e-18, 5.2946593001842228e-02, 1. ]
scale_xy: !!opencv-matrix
   rows: 2
   cols: 1
   dt: d
   data: [ 4.0908499999999998e+02, 5.3220790000000000e+02 ]
shift_xy: !!opencv-matrix
   rows: 2
   cols: 1
   dt: d
   data: [ 1.2741700000000001e+03, 2.4369000000000000e+02 ]
new_camera_matrix: !!opencv-matrix
   rows: 3
   cols: 3
   dt: d
   data: [ 4.0908499999999998e+02, 0., 1.2741700000000001e+03, 0.,
       5.3220790000000000e+02, 2.4369000000000000e+02, 0., 0., 1. ]
