%YAML:1.0
---
camera_matrix: !!opencv-matrix
   rows: 3
   cols: 3
   dt: d
   data: [ 5.3308501251053428e+02, 0., 1.2801691988617492e+03, 0.,
       5.3220789221433824e+02, 9.6469760418368264e+02, 0., 0., 1. ]
dist_coeffs: !!opencv-matrix
   rows: 4
   cols: 1
   dt: d
   data: [ 1.0381406732100730e-01, -6.1542900195864281e-02,
       2.9803025987883050e-02, -9.2246714284879155e-03 ]
resolution: !!opencv-matrix
   rows: 2
   cols: 1
   dt: i
   data: [ 2592, 1944 ]
project_matrix: !!opencv-matrix
   rows: 3
   cols: 3
   dt: d
   data: [ -1.2006592479727787e+00, -3.6445182556771631e+00,
       1.1340433885360756e+03, -8.0978028243136685e-02,
       -2.3037482073421685e+00, 5.5814235570965377e+02,
       -3.0538654740847195e-04, -7.8647740590946560e-03, 1. ]
scale_xy: !!opencv-matrix
   rows: 2
   cols: 1
   dt: d
   data: [ 4.2608499999999998e+02, 4.2620790000000000e+02 ]
shift_xy: !!opencv-matrix
   rows: 2
   cols: 1
   dt: d
   data: [ 1.2801700000000001e+03, 489. ]
new_camera_matrix: !!opencv-matrix
   rows: 3
   cols: 3
   dt: d
   data: [ 4.2608499999999998e+02, 0., 1.2801700000000001e+03, 0.,
       4.2620790000000000e+02, 489., 0., 0., 1. ]
