%YAML:1.0
---
project_matrix: !!opencv-matrix
   rows: 3
   cols: 3
   dt: d
   data: [ -1.1315065595039839e+00, -2.4947225513347795e+00,
       1.0969057652548170e+03, -3.8379280617104092e-02,
       -2.5744989620729588e+00, 9.3071473853437942e+02,
       4.1991827800436812e-05, -6.5617443052702470e-03, 1. ]
