%YAML:1.0
---
project_matrix: !!opencv-matrix
   rows: 3
   cols: 3
   dt: d
   data: [ -1.0727645299456603e+00, -2.8115261530505422e+00,
       1.1253765434176939e+03, -5.6373119629753096e-02,
       -2.2815461200829787e+00, 8.3977330502748180e+02,
       -1.3359592655753409e-04, -5.7755451299687684e-03, 1. ]
