%YAML:1.0
---
project_matrix: !!opencv-matrix
   rows: 3
   cols: 3
   dt: d
   data: [ -1.6631922682537099e+00, -3.6530703863667613e+00,
       1.5303632754632943e+03, 1.0734071105793450e-01,
       -3.7979679720568247e+00, 1.1396947835144674e+03,
       3.6773082799367672e-05, -9.2448546096449875e-03, 1. ]
