%YAML:1.0
---
project_matrix: !!opencv-matrix
   rows: 3
   cols: 3
   dt: d
   data: [ -1.6182965077983154e+00, -4.3954102223373219e+00,
       1.5103088763711739e+03, -1.1117670577794310e-02,
       -3.7708686568712100e+00, 1.1947820141980576e+03,
       4.8355946417289543e-06, -9.2361787825798406e-03, 1. ]
