%YAML:1.0
---
project_matrix: !!opencv-matrix
   rows: 3
   cols: 3
   dt: d
   data: [ 8.9541145187766302e-01, 1.1713049939453086e+00,
       -2.0322955214658981e+02, -2.2211143704974561e-02,
       1.7118443942617463e+00, -1.8887870024714590e+02,
       -1.7637340275080395e-05, 3.1067240276714623e-03, 1. ]
Alhpa : -65
Beta : 0
Zoom : 3.7999999999999998e+00
