%YAML:1.0
---
project_matrix: !!opencv-matrix
   rows: 3
   cols: 3
   dt: d
   data: [ 7.4832016904819898e-01, 1.4386285842993374e+00,
       -8.2113069719027266e+01, -3.8953248776495843e-02,
       1.4288181442523231e+00, -2.8041419502885549e+02,
       -3.0135584889188523e-04, 3.0441813178878506e-03, 1. ]
Alhpa : -65
Beta : 0
Zoom : 3.7999999999999998e+00
