%YAML:1.0
---
project_matrix: !!opencv-matrix
   rows: 3
   cols: 3
   dt: d
   data: [ 9.2882377940104466e-01, 1.9388399311731783e+00,
       -4.3448825485158028e+02, -2.7147161911581530e-01,
       2.4426795273331456e+00, -3.3496621086189873e+02,
       -7.0497098819695381e-04, 4.9621942038396791e-03, 1. ]
Alhpa : -65
Beta : 0
Zoom : 3.7999999999999998e+00
