%YAML:1.0
---
project_matrix: !!opencv-matrix
   rows: 3
   cols: 3
   dt: d
   data: [ 1.1827932268384818e+00, 1.8604667024902457e+00,
       -2.6277513337172996e+02, 1.6898143330754917e-02,
       1.8806809365889576e+00, -4.0802993568929065e+02,
       1.0279280853665820e-04, 3.9755300739201136e-03, 1. ]
Alhpa : -65
Beta : 0
Zoom : 3.7999999999999998e+00
