%YAML:1.0
---
project_matrix: !!opencv-matrix
   rows: 3
   cols: 3
   dt: d
   data: [ -3.0640316831874346e+00, -7.2639912921191190e+00,
       2.4884101830740738e+03, 7.4705987970388743e-02,
       -5.8787718003426628e+00, 1.8843623441457166e+03,
       -2.4255430158700151e-05, -1.5427200203101725e-02, 1. ]
Alhpa : -4.9299999999999997e+01
Beta : 1.0000000000000001e-01
Zoom : 3.5000000000000000e+00
