%YAML:1.0
---
project_matrix: !!opencv-matrix
   rows: 3
   cols: 3
   dt: d
   data: [ 2.0985031116282400e+00, 3.1695223866640774e+00,
       -9.7605030279108314e+02, -3.8024601200522569e-02,
       4.2697263520851507e+00, -8.3559690185523630e+02,
       -2.1768722189392434e-05, 8.4444541861150146e-03, 1. ]
