%YAML:1.0
---
project_matrix: !!opencv-matrix
   rows: 3
   cols: 3
   dt: d
   data: [ 1.5223780420629489e+00, 3.4364289888385211e+00,
       -6.6828201646503851e+02, -8.3263421902897566e-02,
       3.1055597567618971e+00, -8.0638404672903414e+02,
       -6.4645215335665761e-04, 7.2723313386350652e-03, 1. ]
