%YAML:1.0
---
project_matrix: !!opencv-matrix
   rows: 3
   cols: 3
   dt: d
   data: [ 2.9772066249363438e+00, 6.9386014625524286e+00,
       -2.2185208714590094e+03, -8.5920982048484040e-01,
       8.2030281946826609e+00, -1.6570765017556021e+03,
       -2.2431499199024861e-03, 1.7852837301567340e-02, 1. ]
