%YAML:1.0
---
project_matrix: !!opencv-matrix
   rows: 3
   cols: 3
   dt: d
   data: [ 3.4033629975922790e+00, 6.1721178437409696e+00,
       -1.6286512253746487e+03, 5.5434284813540603e-02,
       5.6887602183292580e+00, -1.5797302278717209e+03,
       3.0863377589772004e-04, 1.3166216092375890e-02, 1. ]
